# Add info here for slot controlled events
# format: [CID],[CTOT]
cid,slot
1350469,9350
1880208,9410
1650654,9450
1851160,9470
1891257,9490
1690758,9510
1789308,9530
1829540,9550
1995144,9570
1823748,9590
1786364,1000
1818029,1001
1726253,1002
2033298,1003
1817578,1004
1879872,1005
1863509,1006
1814552,1007
1274107,1008
1595444,1009
1285172,1010
1616401,1011
1952861,1012
1485204,1013
1962531,1014
1574733,1015
997633,1016
1443099,1017
1926287,1018
1352012,1019
1946517,1020
1656161,1021
1440912,1022
1925964,1023
1678915,1024
1544744,1025
1899658,1026
1895863,1027
1599347,1028
1543411,1029
1598381,1030
1324353,1031
1425919,1032
1626938,1033
1797769,1034
1922880,1035
1057073,1036
1979954,1037
1863530,1038
1379062,1039
1314289,1040
1508391,1041
1857200,1042
1856783,1043
1628392,1044
1873653,1045
2023264,1046
1821525,1047
1930253,1048
1907323,1049
816346,1050
1675356,1051
1921318,1052
1945645,1053
1410191,1054
1982813,1055
1500973,1056
1699496,1057
1739735,1058
1732869,1059
1846235,1100
1713800,1101
1453809,1102
1458003,1103
2021002,1104
1502885,1105
1424190,1106
1760760,1107
1487842,1108
1266911,1109
1180169,1110
1824896,1111
1582055,1112
1626938,1113
1532849,1114
1769122,1115
1678858,1116
1689639,1117
1661680,1118
1936021,1119
1329063,1120
1814100,1121
1635205,1122
1865509,1123
1688591,1124
1858545,1125
1859320,1126
1582781,1127
1379391,1128
1909971,1129
1438191,1130
1993975,1131
1979165,1132
1904057,1133
1284743,1134
1415776,1135
1752760,1136
1666531,1137
1906210,1138
1968919,1139
1740238,1140
1019721,1141
2046245,1142
1844987,1143
1939295,1144
1979487,1145
1304916,1146
1685719,1147
1655875,1148
1719002,1149
1958788,1150
1349270,1151
1928527,1152
1811772,1153
1329406,1154
1828508,1155
1345768,1156
1503512,1157
2021237,1158
1947253,1159
1806974,1200
1803236,1201
1997043,1202
1600470,1203
1742383,1204
1810355,1205
1851920,1206
1911131,1207
1573618,1208
1852221,1209
1546087,1210
1344272,1211
1377882,1212
1900303,1213
1754593,1214
1306606,1215
1496817,1216
1951890,1217
1983033,1218
1130654,1219
1676922,1220
1808124,1221
2046624,1222
1390316,1223
1708697,1224
1856080,1225
1392692,1226
1497900,1227
1982314,1228
1684325,1229
2001015,1230
1850034,1231
1405427,1232
1986760,1233
1937375,1234
1528028,1235
1900768,1236
1607979,1237
1985710,1238
1720780,1239
1976386,1240
1899049,1241
1686833,1242
1738480,1243
1589104,1244
2014989,1245
1865976,1246
2002431,1248
2014018,1250
1377990,1252
1602632,1254
2017877,1256
1934122,1258
1890318,1300